#GRID	M_08_99NASH	1000000.000000	-536000.000000	8000.000000	8000.000000	46	42	1	LAMBERT	meters	30.000000	60.000000	-100.000000	-100.000000	40.000000
    8   47005       8      21    0.0066281      !       0.0905425         13.6604       0.0066281
    8   47005       8      22   0.00940885      !        0.128529         13.6604       0.016037
    8   47005       7      23     0.144505      !           1.974         13.6604       0.16054
    8   47005       8      23   5.59198e-006    !       7.63888e-005      13.6604       0.16055
    8   47005       5      24   0.000104962     !       0.00143382        13.6604       0.16065
    8   47005       7      24     0.107493      !         1.46839         13.6604       0.26814
    8   47005       5      25    0.0913742      !         1.24821         13.6604       0.35952
    8   47005       7      25   0.00408668      !       0.0558258         13.6604       0.36361
    8   47005       8      25    0.0408259      !        0.557698         13.6604       0.40443
    8   47005       5      26     0.032711      !        0.446845         13.6604       0.43714
    8   47005       6      26     0.108364      !          1.4803         13.6604       0.54551
    8   47005       7      26    0.0240449      !        0.328463         13.6604       0.56955
    8   47005       8      26   0.000843288     !       0.0115196         13.6604       0.5704
    8   47005       5      27    0.0435934      !        0.595503         13.6604       0.61399
    8   47005       6      27     0.211206      !         2.88516         13.6604       0.82519
    8   47005       7      27    0.0249858      !        0.341316         13.6604       0.85018
    8   47005       5      28     0.111904      !         1.52866         13.6604       0.96208
    8   47005       6      28    0.0307424      !        0.419954         13.6604       0.99283
    8   47005       7      28   0.00717322      !       0.0979891         13.6604       1
    8   47007      39      20     0.108503      !        0.202294         1.86442       0.1085
    8   47007      39      21     0.826635      !         1.54119         1.86442       0.93514
    8   47007      40      21    0.0648624      !        0.120931         1.86442       1
    8   47011      42      15   0.000126008     !       0.00143539        11.3913       0.00012601
    8   47011      42      16     0.339504      !          3.8674         11.3913       0.33963
    8   47011      43      16    0.0278542      !        0.317296         11.3913       0.36748
    8   47011      42      17     0.366189      !         4.17136         11.3913       0.73367
    8   47011      42      18     0.169514      !         1.93098         11.3913       0.90319
    8   47011      42      19    0.0968129      !         1.10282         11.3913       1
    8   47017       1      19    0.0595342      !        0.158358         2.65995       0.059534
    8   47017       1      20     0.246448      !         0.65554         2.65995       0.30598
    8   47017       2      20    0.0614355      !        0.163415         2.65995       0.36742
    8   47017       3      20   0.00263758      !       0.00701584        2.65995       0.37006
    8   47017       4      20     0.272779      !        0.725579         2.65995       0.64283
    8   47017       5      20     0.170997      !        0.454844         2.65995       0.81383
    8   47017       6      20   0.00206496      !       0.0054927         2.65995       0.8159
    8   47017       1      24    0.0234119      !       0.0622744         2.65995       0.83931
    8   47017       2      24    0.0519997      !        0.138317         2.65995       0.89131
    8   47017       5      24   0.00114146      !       0.00303622        2.65995       0.89245
    8   47017       2      25    0.0119155      !       0.0316948         2.65995       0.90437
    8   47017       4      25   0.00103934      !       0.0027646         2.65995       0.9054
    8   47017       5      25    0.0945954      !        0.251619         2.65995       1
    8   47023       4      14     0.250443      !         4.67319         18.6597       0.25044
    8   47023       4      15     0.142447      !         2.65801         18.6597       0.39289
    8   47023       2      16     0.233431      !         4.35575         18.6597       0.62632
    8   47023       3      16    0.0752848      !         1.40479         18.6597       0.70161
    8   47023       4      16     0.016377      !         0.30559         18.6597       0.71798
    8   47023       1      17    0.0168023      !        0.313525         18.6597       0.73478
    8   47023       2      17     0.156671      !         2.92344         18.6597       0.89146
    8   47039       6      15    0.0340974      !        0.942889         27.6528       0.034097
    8   47039       7      15    0.0435973      !         1.20559         27.6528       0.077695
    8   47039       8      15    0.0200411      !        0.554194         27.6528       0.097736
    8   47039       5      16   0.000495709     !       0.0137078         27.6528       0.098232
    8   47039       5      17   0.000808297     !       0.0223517         27.6528       0.09904
    8   47039       6      17    0.0234164      !         0.64753         27.6528       0.12246
    8   47039       6      18    0.0466872      !         1.29103         27.6528       0.16914
    8   47039       6      19     0.404205      !         11.1774         27.6528       0.57335
    8   47039       6      20     0.426652      !         11.7981         27.6528       1
    8   47043      12      24    0.0085763      !        0.809772         94.4197       0.0085763
    8   47043      13      24   0.00671293      !        0.633833         94.4197       0.015289
    8   47043      14      24     0.084417      !         7.97062         94.4197       0.099706
    8   47043      15      24     0.716382      !         67.6406         94.4197       0.81609
    8   47043      16      24     0.162818      !         15.3732         94.4197       0.97891
    8   47043      12      25    0.0108838      !         1.02765         94.4197       0.98979
    8   47043      11      26   0.000274376     !       0.0259065         94.4197       0.99006
    8   47043      12      26   0.00220752      !        0.208434         94.4197       0.99227
    8   47043      12      27   0.00592745      !        0.559668         94.4197       0.9982
    8   47043      12      28   0.00180029      !        0.169983         94.4197       1
    8   47065      37      14   0.000556906     !          171.45          307862       0.00055691
    8   47065      38      14   0.00345744      !         1064.42          307862       0.0040143
    8   47065      39      14   0.000383797     !         118.157          307862       0.0043981
    8   47065      37      15   4.86881e-005    !         14.9892          307862       0.0044468
    8   47065      38      15    0.0224054      !         6897.77          307862       0.026852
    8   47065      39      15     0.183445      !         56475.6          307862       0.2103
    8   47065      40      15     0.103963      !         32006.4          307862       0.31426
    8   47065      41      15    0.0487839      !         15018.7          307862       0.36304
    8   47065      42      15   0.00553699      !         1704.63          307862       0.36858
    8   47065      43      15   2.3065e-005     !         7.10083          307862       0.3686
    8   47065      38      16    0.0394387      !         12141.7          307862       0.40804
    8   47065      39      16      0.11684      !         35970.6          307862       0.52488
    8   47065      40      16    0.0742834      !           22869          307862       0.59917
    8   47065      41      16    0.0605082      !         18628.2          307862       0.65967
    8   47065      42      16     0.016213      !         4991.37          307862       0.67589
    8   47065      43      16   0.000104193     !          32.077          307862       0.67599
    8   47065      38      17    0.0230765      !         7104.37          307862       0.69907
    8   47065      39      17    0.0743172      !         22879.5          307862       0.77339
    8   47065      40      17    0.0559362      !         17220.6          307862       0.82932
    8   47065      41      17    0.0211286      !         6504.69          307862       0.85045
    8   47065      42      17   0.00261706      !         805.693          307862       0.85307
    8   47065      38      18   0.000789506     !         243.059          307862       0.85386
    8   47065      39      18     0.021104      !         6497.14          307862       0.87496
    8   47065      40      18    0.0525218      !         16169.5          307862       0.92748
    8   47065      41      18    0.0200286      !         6166.05          307862       0.94751
    8   47065      42      18   0.00218688      !         673.257          307862       0.9497
    8   47065      38      19   2.57713e-005    !         7.93401          307862       0.94972
    8   47065      39      19   0.00391234      !         1204.46          307862       0.95364
    8   47065      40      19    0.0181379      !         5583.97          307862       0.97177
    8   47065      41      19   0.00622863      !         1917.56          307862       0.978
    8   47065      42      19   0.00299203      !         921.132          307862       0.98099
    8   47065      39      20   0.00150165      !         462.302          307862       0.9825
    8   47065      40      20   0.00764743      !         2354.35          307862       0.99014
    8   47065      41      20   0.00517769      !         1594.01          307862       0.99532
    8   47065      42      20   0.000762667     !         234.796          307862       0.99608
    8   47065      39      21   0.000569161     !         175.223          307862       0.99665
    8   47065      40      21   0.00246317      !         758.317          307862       0.99912
    8   47065      41      21   0.000883718     !         272.063          307862       1
    8   47071       5       9   0.00777803      !         198.846         25565.1       0.007778
    8   47071       6       9   0.00979735      !          250.47         25565.1       0.017575
    8   47071       7       9   0.00542768      !         138.759         25565.1       0.023003
    8   47071       5      10    0.0206311      !         527.435         25565.1       0.043634
    8   47071       6      10    0.0380384      !         972.455         25565.1       0.081673
    8   47071       7      10    0.0399567      !         1021.49         25565.1       0.12163
    8   47071       8      10    0.0194098      !         496.212         25565.1       0.14104
    8   47071       9      10     0.012684      !         324.268         25565.1       0.15372
    8   47071       5      11    0.0260788      !         666.705         25565.1       0.1798
    8   47071       6      11    0.0483028      !         1234.86         25565.1       0.2281
    8   47071       7      11    0.0307532      !         786.208         25565.1       0.25886
    8   47071       8      11     0.024481      !         625.859         25565.1       0.28334
    8   47071       9      11    0.0152585      !         390.084         25565.1       0.2986
    8   47071       5      12    0.0742712      !         1898.75         25565.1       0.37287
    8   47071       6      12     0.245572      !         6278.07         25565.1       0.61844
    8   47071       7      12    0.0246028      !         628.971         25565.1       0.64304
    8   47071       8      12    0.0244273      !         624.485         25565.1       0.66747
    8   47071       9      12    0.0114845      !         293.603         25565.1       0.67896
    8   47071       4      13   0.000867963     !         22.1895         25565.1       0.67982
    8   47071       5      13    0.0415853      !         1063.13         25565.1       0.72141
    8   47071       6      13     0.111773      !         2857.47         25565.1       0.83318
    8   47071       7      13    0.0199545      !         510.138         25565.1       0.85314
    8   47071       8      13     0.022381      !         572.171         25565.1       0.87552
    8   47071       9      13   0.00813501      !         207.972         25565.1       0.88365
    8   47071       4      14   0.00225254      !         57.5864         25565.1       0.8859
    8   47071       5      14    0.0242031      !         618.752         25565.1       0.91011
    8   47071       6      14    0.0225531      !         576.572         25565.1       0.93266
    8   47071       7      14    0.0177985      !         455.021         25565.1       0.95046
    8   47071       8      14    0.0154392      !         394.704         25565.1       0.9659
    8   47071       9      14   0.00133737      !           34.19         25565.1       0.96724
    8   47071       4      15   0.00105783      !         27.0436         25565.1       0.96829
    8   47071       5      15    0.0103525      !         264.662         25565.1       0.97865
    8   47071       6      15   0.00806828      !         206.266         25565.1       0.98671
    8   47071       7      15   0.00600323      !         153.473         25565.1       0.99272
    8   47071       8      15    0.0072827      !         186.183         25565.1       1
    8   47077       4      15    0.0060509      !         154.194         25482.9       0.0060509
    8   47077       5      15    0.0226034      !             576         25482.9       0.028654
    8   47077       6      15   0.000707602     !         18.0317         25482.9       0.029362
    8   47077       2      16    0.0075357      !         192.031         25482.9       0.036898
    8   47077       3      16    0.0295625      !         753.338         25482.9       0.06646
    8   47077       4      16    0.0278982      !         710.927         25482.9       0.094358
    8   47077       5      16    0.0337882      !          861.02         25482.9       0.12815
    8   47077       1      17   0.00749401      !         190.969         25482.9       0.13564
    8   47077       2      17    0.0309343      !         788.294         25482.9       0.16657
    8   47077       3      17    0.0499276      !          1272.3         25482.9       0.2165
    8   47077       4      17    0.0506947      !         1291.85         25482.9       0.2672
    8   47077       5      17    0.0348729      !         888.661         25482.9       0.30207
    8   47077       6      17   0.00393519      !          100.28         25482.9       0.30601
    8   47077       1      18    0.0203896      !         519.585         25482.9       0.32639
    8   47077       2      18    0.0507875      !         1294.21         25482.9       0.37718
    8   47077       3      18     0.155068      !         3951.57         25482.9       0.53225
    8   47077       4      18     0.149146      !         3800.67         25482.9       0.6814
    8   47077       5      18    0.0256556      !         653.779         25482.9       0.70705
    8   47077       6      18   0.00666699      !         169.894         25482.9       0.71372
    8   47077       1      19    0.0256518      !          653.68         25482.9       0.73937
    8   47077       2      19    0.0325636      !         829.815         25482.9       0.77193
    8   47077       3      19    0.0557054      !         1419.53         25482.9       0.82764
    8   47077       4      19     0.060754      !         1548.19         25482.9       0.88839
    8   47077       5      19    0.0235129      !         599.175         25482.9       0.91191
    8   47077       6      19   0.00315066      !         80.2878         25482.9       0.91506
    8   47077       1      20   0.00599852      !          152.86         25482.9       0.92106
    8   47077       2      20    0.0167193      !         426.055         25482.9       0.93777
    8   47077       3      20    0.0179319      !         456.957         25482.9       0.95571
    8   47077       4      20    0.0208701      !         531.829         25482.9       0.97658
    8   47077       5      20     0.022643      !         577.009         25482.9       0.99922
    8   47077       6      20   0.00078032      !         19.8848         25482.9       1
    8   47079       1      24   0.000826228     !         25.6972         31101.8       0.00082623
    8   47079       2      24   0.000196456     !         6.11013         31101.8       0.0010227
    8   47079       5      24   1.78971e-006    !       0.0556631         31101.8       0.0010245
    8   47079       1      25       0.0117      !         363.893         31101.8       0.012725
    8   47079       2      25     0.023363      !         726.633         31101.8       0.036088
    8   47079       3      25    0.0218082      !         678.275         31101.8       0.057896
    8   47079       4      25      0.01312      !         408.055         31101.8       0.071016
    8   47079       5      25    0.0060028      !         186.698         31101.8       0.077019
    8   47079       1      26    0.0132426      !         411.868         31101.8       0.090261
    8   47079       2      26    0.0300481      !         934.552         31101.8       0.12031
    8   47079       3      26    0.0762443      !         2371.34         31101.8       0.19655
    8   47079       4      26    0.0370419      !         1152.07         31101.8       0.2336
    8   47079       5      26    0.0210661      !         655.193         31101.8       0.25466
    8   47079       6      26   0.000207347     !         6.44887         31101.8       0.25487
    8   47079       1      27     0.014181      !         441.056         31101.8       0.26905
    8   47079       2      27    0.0362249      !         1126.66         31101.8       0.30527
    8   47079       3      27      0.30851      !         9595.23         31101.8       0.61379
    8   47079       4      27    0.0795299      !         2473.53         31101.8       0.69331
    8   47079       5      27    0.0289516      !         900.449         31101.8       0.72227
    8   47079       6      27   0.00104348      !         32.4541         31101.8       0.72331
    8   47079       1      28     0.013285      !         413.188         31101.8       0.7366
    8   47079       2      28    0.0241531      !         751.204         31101.8       0.76075
    8   47079       3      28    0.0415941      !         1293.65         31101.8       0.80234
    8   47079       4      28    0.0312561      !         972.121         31101.8       0.8336
    8   47079       5      28    0.0272165      !         846.484         31101.8       0.86081
    8   47079       6      28    0.0135594      !         421.724         31101.8       0.87437
    8   47079       1      29    0.0105315      !          327.55         31101.8       0.88491
    8   47079       2      29      0.01672      !         520.022         31101.8       0.90163
    8   47079       3      29    0.0310944      !         967.093         31101.8       0.93272
    8   47079       4      29      0.02117      !         658.424         31101.8       0.95389
    8   47079       5      29    0.0295777      !         919.922         31101.8       0.98347
    8   47079       6      29   0.00664524      !         206.679         31101.8       0.99011
    8   47079       3      30   0.000170004     !         5.28744         31101.8       0.99028
    8   47079       4      30   0.00238999      !         74.3329         31101.8       0.99267
    8   47079       5      30   0.00716615      !          222.88         31101.8       0.99984
    8   47079       6      30   0.000160545     !         4.99325         31101.8       1
    8   47081      11      19   0.00990142      !         219.752           22194       0.0099014
    8   47081      12      19    0.0110473      !         245.183           22194       0.020949
    8   47081      13      19   0.00815223      !          180.93           22194       0.029101
    8   47081      14      19   0.00726287      !         161.192           22194       0.036364
    8   47081      15      19   5.80202e-005    !          1.2877           22194       0.036422
    8   47081      11      20    0.0126174      !          280.03           22194       0.049039
    8   47081      12      20    0.0132984      !         295.144           22194       0.062338
    8   47081      13      20    0.0154433      !         342.749           22194       0.077781
    8   47081      14      20    0.0181129      !         401.997           22194       0.095894
    8   47081      15      20    0.0123234      !         273.506           22194       0.10822
    8   47081      16      20   0.00082436      !         18.2958           22194       0.10904
    8   47081      11      21    0.0121273      !         269.153           22194       0.12117
    8   47081      12      21    0.0135074      !         299.783           22194       0.13468
    8   47081      13      21    0.0776095      !         1722.46           22194       0.21229
    8   47081      14      21     0.076067      !         1688.23           22194       0.28835
    8   47081      15      21    0.0306218      !         679.619           22194       0.31897
    8   47081      16      21    0.0119803      !          265.89           22194       0.33095
    8   47081      10      22   0.000110702     !         2.45692           22194       0.33107
    8   47081      11      22    0.0229275      !         508.853           22194       0.35399
    8   47081      12      22    0.0243356      !         540.105           22194       0.37833
    8   47081      13      22    0.0584943      !         1298.22           22194       0.43682
    8   47081      14      22    0.0718798      !          1595.3           22194       0.5087
    8   47081      15      22    0.0314235      !         697.412           22194       0.54013
    8   47081      16      22    0.0137583      !         305.352           22194       0.55388
    8   47081      11      23    0.0059939      !         133.029           22194       0.55988
    8   47081      12      23    0.0200043      !         443.975           22194       0.57988
    8   47081      13      23    0.0393565      !         873.478           22194       0.61924
    8   47081      14      23    0.0744107      !         1651.47           22194       0.69365
    8   47081      15      23    0.0863229      !         1915.85           22194       0.77997
    8   47081      16      23    0.0417333      !         926.227           22194       0.82171
    8   47081      12      24   0.00263289      !         58.4344           22194       0.82434
    8   47081      13      24    0.0151733      !         336.757           22194       0.83951
    8   47081      14      24    0.0594204      !         1318.77           22194       0.89893
    8   47081      15      24    0.0715114      !         1587.12           22194       0.97044
    8   47081      16      24    0.0295559      !         655.964           22194       1
    8   47083      10      26   0.00013675      !         1.10532         8082.78       0.00013675
    8   47083      11      26   0.00196506      !         15.8831         8082.78       0.0021018
    8   47083       7      27    0.0158252      !         127.912         8082.78       0.017927
    8   47083       8      27    0.0386332      !         312.264         8082.78       0.05656
    8   47083       9      27     0.123645      !         999.398         8082.78       0.18021
    8   47083      10      27    0.0997207      !         806.021         8082.78       0.27993
    8   47083      11      27    0.0729526      !          589.66         8082.78       0.35288
    8   47083      12      27    0.0131898      !         106.611         8082.78       0.36607
    8   47083       7      28    0.0151975      !         122.838         8082.78       0.38127
    8   47083       8      28    0.0455996      !         368.571         8082.78       0.42687
    8   47083       9      28     0.217649      !         1759.21         8082.78       0.64452
    8   47083      10      28     0.154192      !          1246.3         8082.78       0.79871
    8   47083      11      28     0.118105      !         954.619         8082.78       0.91681
    8   47083      12      28    0.0277142      !         224.008         8082.78       0.94453
    8   47083       9      29   0.00322899      !         26.0992         8082.78       0.94776
    8   47083      10      29    0.0377071      !         304.778         8082.78       0.98546
    8   47083      11      29    0.0139758      !         112.963         8082.78       0.99944
    8   47083      12      29   0.000562011     !         4.54261         8082.78       1
    8   47085       8      21   0.00302392      !         54.1915         17920.9       0.0030239
    8   47085       9      21   0.00724398      !         129.819         17920.9       0.010268
    8   47085      10      21   0.00112979      !         20.2469         17920.9       0.011398
    8   47085       7      22   0.00196302      !         35.1791         17920.9       0.013361
    8   47085       8      22   0.00775711      !         139.015         17920.9       0.021118
    8   47085       9      22    0.0150932      !         270.485         17920.9       0.036211
    8   47085      10      22    0.0150137      !          269.06         17920.9       0.051225
    8   47085      11      22   8.07981e-005    !         1.44798         17920.9       0.051306
    8   47085       7      23    0.0734679      !         1316.62         17920.9       0.12477
    8   47085       8      23    0.0457843      !         820.498         17920.9       0.17056
    8   47085       9      23    0.0150932      !         270.485         17920.9       0.18565
    8   47085      10      23    0.0153799      !         275.623         17920.9       0.20103
    8   47085      11      23    0.0115658      !         207.269         17920.9       0.2126
    8   47085      12      23   0.00218622      !         39.1792         17920.9       0.21478
    8   47085       7      24    0.0271099      !         485.835         17920.9       0.24189
    8   47085       8      24    0.0603025      !         1080.68         17920.9       0.3022
    8   47085       9      24    0.0544851      !         976.424         17920.9       0.35668
    8   47085      10      24    0.0211965      !         379.861         17920.9       0.37788
    8   47085      11      24    0.0223532      !          400.59         17920.9       0.40023
    8   47085      12      24    0.0153647      !          275.35         17920.9       0.41559
    8   47085       7      25   8.15472e-005    !          1.4614         17920.9       0.41568
    8   47085       8      25    0.0293491      !         525.964         17920.9       0.44503
    8   47085       9      25     0.169704      !         3041.25         17920.9       0.61473
    8   47085      10      25      0.11312      !         2027.22         17920.9       0.72785
    8   47085      11      25     0.104772      !         1877.61         17920.9       0.83262
    8   47085      12      25    0.0265319      !         475.477         17920.9       0.85915
    8   47085       7      26   0.00273033      !         48.9301         17920.9       0.86188
    8   47085       8      26    0.0165018      !         295.727         17920.9       0.87839
    8   47085       9      26    0.0189229      !         339.117         17920.9       0.89731
    8   47085      10      26    0.0359424      !         644.122         17920.9       0.93325
    8   47085      11      26    0.0445587      !         798.534         17920.9       0.97781
    8   47085      12      26   0.00930642      !          166.78         17920.9       0.98712
    8   47085       7      27   0.000418975     !         7.50843         17920.9       0.98753
    8   47085       8      27   0.00157315      !         28.1924         17920.9       0.98911
    8   47085       9      27    0.0054354      !         97.4074         17920.9       0.99454
    8   47085      10      27   0.00468406      !         83.9427         17920.9       0.99923
    8   47085      11      27   0.000772527     !         13.8444         17920.9       1
    8   47101      12      19     0.484816      !        0.479992        0.990049       0.48482
    8   47101      13      19     0.336963      !         0.33361        0.990049       0.82178
    8   47101      14      19    0.0551301      !       0.0545814        0.990049       0.87691
    8   47101      15      20     0.123091      !        0.121866        0.990049       1
    8   47109       5       9    0.0751135      !        0.241644         3.21705       0.075114
    8   47109       5      10     0.169407      !        0.544993         3.21705       0.24452
    8   47109       5      11     0.155421      !        0.499998         3.21705       0.39994
    8   47109       5      12     0.273133      !        0.878685         3.21705       0.67308
    8   47109       4      13    0.0531426      !        0.170963         3.21705       0.72622
    8   47109       5      13    0.0739184      !          0.2378         3.21705       0.80014
    8   47109       4      14    0.0645943      !        0.207803         3.21705       0.86473
    8   47113       1      17      0.13163      !        0.453188         3.44288       0.13163
    8   47113       1      18     0.202782      !        0.698156         3.44288       0.33441
    8   47113       1      19     0.227386      !        0.782864         3.44288       0.5618
    8   47115      37      14    0.0939532      !        0.883487         9.40348       0.093953
    8   47115      37      15    0.0563278      !        0.529678         9.40348       0.15028
    8   47115      38      15     0.199981      !         1.88052         9.40348       0.35026
    8   47115      38      16     0.601569      !         5.65684         9.40348       0.95183
    8   47115      38      17    0.0481691      !        0.452957         9.40348       1
    8   47119      15      20    0.0210047      !        0.140749         6.70082       0.021005
    8   47119      16      20    0.0427866      !        0.286705         6.70082       0.063791
    8   47119      16      21     0.524021      !         3.51137         6.70082       0.58781
    8   47119      16      22     0.411846      !         2.75971         6.70082       0.99966
    8   47119      16      23   0.000341401     !       0.00228767        6.70082       1
    8   47121      42      19     0.236833      !         1.31952         5.57152       0.23683
    8   47121      41      20     0.292154      !         1.62774         5.57152       0.52899
    8   47121      42      20     0.468083      !         2.60793         5.57152       0.99707
    8   47121      41      21   0.00293004      !       0.0163248         5.57152       1
    8   47125      11      28     0.054013      !        0.044761        0.828708       0.054013
    8   47125      11      29     0.917563      !        0.760391        0.828708       0.97158
    8   47125      12      29    0.0284243      !       0.0235554        0.828708       1
    8   47135      11      19     0.280927      !        0.288758         1.02788       0.28093
    8   47135      12      19    0.0367755      !       0.0378006         1.02788       0.3177
    8   47135      11      20     0.209627      !         0.21547         1.02788       0.52733
    8   47135       8      21    0.0500802      !       0.0514762         1.02788       0.57741
    8   47135       9      21     0.261088      !        0.268366         1.02788       0.8385
    8   47135      11      21     0.158797      !        0.163224         1.02788       0.99729
    8   47135      11      22   0.00270518      !       0.00278059        1.02788       1
    8   47143      40      21     0.880315      !         3.69927         4.20221       0.88032
    8   47143      41      21     0.119685      !        0.502941         4.20221       1
    8   47153      38      17     0.651745      !        0.903724         1.38662       0.65174
    8   47153      38      18     0.152497      !        0.211456         1.38662       0.80424
    8   47153      38      19    0.0150277      !       0.0208377         1.38662       0.81927
    8   47153      39      19     0.158123      !        0.219256         1.38662       0.97739
    8   47153      39      20     0.022608      !       0.0313487         1.38662       1
    8   47161       6      28    0.0311659      !        0.173682         5.57284       0.031166
    8   47161       7      28    0.0470415      !        0.262155         5.57284       0.078207
    8   47161       8      28     0.219042      !         1.22068         5.57284       0.29725
    8   47161       9      28     0.478479      !         2.66649         5.57284       0.77573
    8   47161       6      29    0.0502288      !        0.279917         5.57284       0.82596
    8   47161       9      29    0.0436896      !        0.243476         5.57284       0.86965
    8   47161      10      29    0.0827915      !        0.461384         5.57284       0.95244
    8   47161      11      29    0.0434102      !        0.241918         5.57284       0.99585
    8   47161       6      30   0.00415168      !       0.0231367         5.57284       1
    8   47181       9      11    0.0722337      !        0.064008        0.886123       0.072234
    8   47181       9      13    0.0101942      !       0.00903332       0.886123       0.082428
    8   47181       8      14      0.59948      !        0.531213        0.886123       0.68191
    8   47181       9      14    0.0872737      !       0.0773352        0.886123       0.76918
    8   47181       8      15     0.230819      !        0.204534        0.886123       1
    8   47183       1      24    0.0295058      !       0.0453179          1.5359       0.029506
    8   47183       1      25     0.241327      !        0.370653          1.5359       0.27083
    8   47183       1      26     0.240477      !        0.369348          1.5359       0.51131
    8   47183       1      27     0.215289      !        0.330662          1.5359       0.7266
    8   47183       1      28     0.165333      !        0.253934          1.5359       0.89193
    8   47183       1      29     0.106388      !          0.1634          1.5359       0.99832
    8   47187      16      24            1      !        0.171137        0.171137       1
