map->gridname=M_08_99NASH
#GRID	M_08_99NASH	1000000.000000	-536000.000000	8000.000000	8000.000000	46	42	1	LAMBERT	meters	30.000000	60.000000	-100.000000	-100.000000	40.000000
    4   47011      44      20            1      !              16              16       1
    4   47037      19      28          0.2      !               4              20       0.2
    4   47037      20      27          0.3      !               6              20       0.5
    4   47037      20      28          0.3      !               6              20       0.8
    4   47037      21      29          0.2      !               4              20       1
    4   47039       6      18            1      !               6               6       1
    4   47065      38      16     0.377778      !              34              90       0.37778
    4   47065      39      15     0.377778      !              34              90       0.75556
    4   47065      39      16          0.2      !              18              90       0.95556
    4   47065      40      17    0.0222222      !               2              90       0.97778
    4   47065      40      18    0.0222222      !               2              90       1
    4   47071       6      10            1      !               2               2       1
    4   47079       3      27            1      !               4               4       1
    4   47085       7      24          0.9      !              36              40       0.9
    4   47085       9      25          0.1      !               4              40       1
    4   47107      44      20            1      !              12              12       1
    4   47115      34      14     0.214286      !               6              28       0.21429
    4   47115      35      15     0.785714      !              22              28       1
    4   47121      43      24            1      !              18              18       1
    4   47125      13      31            1      !               4               4       1
    4   47143      42      25            1      !               2               2       1
    4   47145      43      28         0.25      !               2               8       0.25
    4   47145      45      29         0.75      !               6               8       1
    4   47165      23      31            1      !               2               2       1
    4   47181       8      15            1      !               4               4       1
