!  coords --line:  name; type, P-alpha, P-beta, P-gamma, xcent, ycent
'NA_LAT_LONG'
1, 0, 0, 0, 0, 0
'LAM_40N_100W'
2, 30, 60, -100, -100, 40
'LAM_40N_97W'
2, 33, 45, -97, -97, 40
'LAM_40N_90W'
2, 30, 60, -90, -90, 40
'OMERC_'
3, -100, 20, 10, 127000, 52000
'STERE_40_100'
4, 40, -100, 0, 0, 0
'UTM_ZONE17'
5, 17, 0, 0, 0, 0
'STERE_POLAR_N'
6, 80, -100, 1, 0, 0
'EMERC_40_100'
7, 40, 0, -100, 0, 0
'TMERC_40_100'
8, 40, -100, 1, 0, 0
'AEA_40_100'
9, 30, 60, -100, -100, 40
'LAEA_45_100'
10, 45, -100, 0, 0, 0
'SINU_100'
11, -100, 0, 0, 0, 0
' '  !  end coords.  grids:  name; xorig,yorig,xcell,ycell,ncols,nrows,nthik
'M08_NASH'
'LAM_40N_100W', 1.000E+06, -5.360E+05, 8000, 8000, 46, 42, 1
'M_16_99NASH'
'LAM_40N_100W', 1.000E+06, -5.360E+05, 16000, 16000, 23, 21, 1 
'US36'
'LAM_40N_100W', -2196.D3, -1692.D3, 36.D3, 36.D3, 132, 90, 1
'LATLONG_GRID'
'NA_LAT_LONG', -97, 23, 0.25, 0.25, 100, 80, 1
'EGRID_359X573'
'NA_LAT_LONG', -129.9572906, 13.22372627, 0.1, 0.1, 359, 573, 1
'US36'
'LAM_40N_100W', -2196.D3, -1692.D3, 36.D3, 36.D3, 132, 90, 1
'US36KM_148X112'
'LAM_40N_97W', -2736000, -2088000, 36000, 36000, 148, 112, 1
'NC36KM_17X12'
'LAM_40N_97W',1392000.0, -552000.0, 36000, 36000, 17, 12, 1
'NC4KM'
'LAM_40N_97W',1360000.0, -552000.0, 4000, 4000, 150, 105, 1
'NC12KM_21X15'
'LAM_40N_97W',1572000.0, -552000.0, 12000, 12000, 21, 15, 1
'NC12KM_18X12'
'LAM_40N_97W', 1120000.0, -552000.0, 12000, 12000, 18, 12, 1
'TX_1KM'
'LAM_40N_97W', 85000.0, -1231000.0, 1000, 1000, 190, 190, 1
'TX_4KM'
'LAM_40N_97W', -196000.0, -1372000.0, 4000, 4000, 155, 173, 1
'BIG_CONUS_12KM'
'LAM_40N_97W', -2568000.0, -1740000.0, 12000, 12000, 461, 301, 1
'SEMAP-36km-22L'
'LAM_40N_97W', -2736000.000, -2088000.000, 36000.000, 36000.000, 148, 112,  1 
'SEMAP-12km-22L' 
'LAM_40N_97W', 108000.000, -1620000.000, 12000.000, 12000.000, 188, 177,  1 
'DET1KM'
'UTM_ZONE17', 308505.00, 4676244.00, 1000, 1000, 40, 30, 1
' '
